5.03198e-05 -0.0524737 0.0236471 -0.103021 0.756245 0.437054 -0.348387 0.154255 -0.114756 -0.0203233 -0.0338313 -0.00693654 0.10491 -0.0845702 -0.0275194 0.21046 0.00635486 
6.38575e-05 -0.119718 0.0392453 -0.0233437 0.261238 0.0535251 0.0189219 0.00403332 0.0195536 -0.00655023 0.119767 0.0921376 -0.179847 0.0491927 0.0102089 -0.924105 0.0120289 
0.00671412 -0.195903 0.00758764 -0.000213832 0.0898145 0.00103529 0.0367704 0.0232675 0.028267 0.0196488 0.0216236 -0.340683 -0.0868338 0.717655 0.551784 0.0825034 0.0147785 
6.10818e-05 -0.402424 -0.878982 -0.00630734 -0.107761 0.0989634 -0.0999082 0.000382826 -0.00448976 -0.0942211 -0.106104 0.111395 -0.0274984 -0.0244625 -0.00131286 -0.00984771 0.0210153 
0.707038 0.00165556 -0.000121325 0.000161977 -0.00132513 -0.00012819 -0.000857485 0.000689491 -0.00189633 0.00199783 -0.00302503 0.00272743 0.00720256 -0.00116135 -0.00296206 -0.00224214 0.034006 
2.80165e-05 -0.0702023 0.0293627 -0.0339135 0.077247 0.131423 0.117469 -0.172153 0.640685 0.453495 -0.395551 0.0178693 0.00411476 -0.266316 0.287147 -0.00864468 0.0394248 
9.10657e-05 -0.421112 0.179483 0.0339446 0.283884 -0.50828 0.208102 0.0292949 -0.234907 -0.0416412 -0.287332 0.470244 -0.110028 -0.034949 0.109662 0.142256 0.0461716 
2.31003e-05 -0.0187699 0.011199 -0.0289141 0.0841964 0.112051 0.0333731 -0.940765 -0.277648 -0.0534939 -0.0674651 -0.0709377 0.0469612 0.0201462 -0.0272603 0.000826369 0.0584637 
1.14581e-05 -0.0288121 0.0239926 -0.990296 -0.0964842 -0.0887358 -0.0123417 0.0166457 -0.0134699 -0.00596311 -0.00214792 -0.00244537 0.00266838 0.00622148 -0.00257675 -0.00380939 0.080885 
0.000102483 -0.632732 0.391213 0.0536683 -0.344724 0.166828 -0.360611 0.0462054 -0.0523343 -0.0830996 -0.180775 -0.288289 -0.0148677 -0.14808 -0.118657 -0.0567324 0.115898 
3.61067e-05 -0.0851999 0.0137172 -0.0351558 -0.0326074 0.438864 0.754062 0.194482 -0.306284 -0.0815212 -0.1368 -0.188737 0.0382133 -0.176414 0.0604995 -0.0136116 0.139538 
3.30824e-05 -0.21543 0.15453 -0.00970714 -0.215461 0.392972 0.024336 -0.0640064 0.0291892 0.163667 0.521552 0.59745 0.107236 0.0803091 0.194046 0.108958 0.14176 
0.707038 0.00165556 -0.000121325 0.000161977 -0.00132513 -0.00012819 -0.000857485 0.000689491 -0.00189633 0.00199783 -0.00302503 0.00272743 0.00720256 -0.00116135 -0.00296206 -0.00224214 0.205242 
9.8325e-05 -0.324566 -0.090571 0.0092819 0.201832 -0.301481 0.175995 -0.0233175 -0.0116194 0.472334 0.498174 -0.361186 0.23759 -0.135276 -0.209952 0.0502626 0.241139 
4.42508e-05 -0.110348 0.0508782 -0.0187275 0.0569527 0.16451 0.20286 -0.0229087 0.259664 0.104884 -0.150896 0.114681 -0.183337 0.507302 -0.705659 0.0981307 0.292009 
0.0121986 -0.0676032 0.00891039 -0.0175655 0.0986645 0.0137558 0.0764288 -0.0913955 0.202399 -0.24132 0.338 -0.129058 -0.790562 -0.258413 0.0429382 0.216943 2.99583 
8.77721e-05 -0.151757 0.0589093 -0.00452671 0.131053 -0.0852645 0.177064 -0.0797422 0.486587 -0.668812 0.143488 -0.0233435 0.453522 -0.0166435 -0.0123829 -0.000317534 0 
